1624020297.24839 0.0 0.0 0.0
1624020297.99595 0.0 0.0 0.0
1624020298.74619 0.0 0.0 0.0
1624020299.4974 0.0 0.0 0.0
1624020300.2469 0.0 0.0 0.0
1624020300.99772 0.0 0.0 0.0
1624020302.07241 0.0 0.0 0.0
1624020302.64051 0.0 0.0 0.0
1624020303.52847 7.719873196996873 -2015.0600338477452 -812.7789329561351
1624020304.63473 0.0 0.0 0.0
1624020305.44905 0.0 0.0 0.0
1624020306.174 0.0 0.0 0.0
1624020306.48116 0.0 0.0 0.0
1624020307.2309 0.0 0.0 0.0
1624020307.98742 0.0 0.0 0.0
1624020308.73616 0.0 0.0 0.0
1624020309.48154 0.0 0.0 0.0
1624020310.55325 0.0 0.0 0.0
1624020311.22574 0.0 0.0 0.0
1624020312.12167 0.0 0.0 0.0
1624020312.91458 0.0 0.0 0.0
1624020313.66108 0.0 0.0 0.0
1624020314.4704 0.0 0.0 0.0
1624020315.06833 0.0 0.0 0.0
1624020315.79919 0.0 0.0 0.0
1624020316.32203 0.0 0.0 0.0
1624020317.01631 0.0 0.0 0.0
1624020317.65694 0.0 0.0 0.0
