1624371430.92046 0.0 0.0 0.0
1624371431.3168 0.0 0.0 0.0
1624371431.71782 0.0 0.0 0.0
1624371432.11708 0.0 0.0 0.0
1624371432.51711 0.0 0.0 0.0
1624371432.91758 0.0 0.0 0.0
1624371433.31802 0.0 0.0 0.0
1624371433.71797 0.0 0.0 0.0
1624371434.11867 0.0 0.0 0.0
1624371434.5196 0.0 0.0 0.0
1624371435.0782 0.0 0.0 0.0
1624371435.54146 0.0 0.0 0.0
1624371436.01128 24.454347446568583 -194.525637488918 182.00459751726532
1624371436.44554 20.01251293926409 -217.90302140457345 222.092369829959
1624371436.85279 18.817407899227575 -230.98965394443255 264.81454579347314
1624371437.256 20.30625139318969 -259.3625465532722 278.5623432643038
1624371437.65979 20.190523918337764 -260.60197301554274 281.33647855112
1624371438.05713 19.832551170685203 -258.9527932282871 278.8455295274638
1624371438.45276 19.86344589105905 -259.114244127949 279.4978176570194
1624371438.85474 19.8330008890224 -259.99242214102935 280.6120953679168
1624371439.25465 19.62863509023957 -258.7876761409485 279.12310548064113
1624371439.65056 19.151151800123262 -256.46774917408663 277.032804990123
1624371440.05762 18.87926881506855 -254.59999708439273 274.62238367195846
1624371440.45659 18.88643641533874 -254.77674465378837 275.1372212264474
1624371440.85594 18.939452254939717 -255.3492829896261 275.82926396004365
1624371441.25598 18.57620814695658 -252.36145922113752 273.08107874786594
1624371441.651 15.739520663897347 -215.0548773972756 220.52066633120538
1624371441.98915 16.121026578783592 -209.38004003159378 203.70474091959332
1624371442.38855 11.450636972835763 -164.95619593416242 135.74567325060966
1624371442.76366 0.0 0.0 0.0
1624371443.18743 0.0 0.0 0.0
1624371443.56903 0.0 0.0 0.0
1624371443.93953 0.0 0.0 0.0
1624371444.3026 0.0 0.0 0.0
1624371444.69827 0.0 0.0 0.0
1624371445.09749 0.0 0.0 0.0
1624371445.49426 0.0 0.0 0.0
1624371445.88958 0.0 0.0 0.0
1624371446.29066 0.0 0.0 0.0
1624371446.68869 0.0 0.0 0.0
1624371447.09081 0.0 0.0 0.0
1624371447.49068 0.0 0.0 0.0
