1622022785.0736 0.0
1622022785.19638 0.0
1622022785.23364 0.0
1622022785.33245 0.0
1622022785.43341 0.0
1622022785.53272 0.0
1622022785.63276 0.0
1622022785.7323 0.0
1622022785.83556 0.0
1622022785.93268 0.0
1622022786.03271 0.0
1622022786.13275 0.0
1622022786.2328 0.0
1622022786.55607 0.0
1622022786.90356 0.0
1622022787.34953 2510.9714285714285
1622022787.76597 2533.3714285714286
1622022788.17821 2633.5142857142855
1622022788.58229 2394.823529411765
1622022788.88135 0.0
1622022788.91191 0.0
1622022788.94054 0.0
1622022789.03344 0.0
1622022789.13387 0.0
1622022789.23403 0.0
1622022789.33359 0.0
1622022789.43473 0.0
1622022789.53405 0.0
1622022789.63439 0.0
1622022789.73397 0.0
1622022789.83433 0.0
1622022789.93444 0.0
1622022790.03407 0.0
1622022790.3357 0.0
1622022790.5828 0.0
1622022790.89478 0.0
1622022791.2145 0.0
1622022791.52389 0.0
1622022791.82532 0.0
1622022792.10124 0.0
1622022792.39488 0.0
1622022792.71287 0.0
1622022792.99611 0.0
1622022793.02619 0.0
1622022793.05538 0.0
1622022793.13632 0.0
1622022793.23684 0.0
1622022793.33686 0.0
1622022793.43704 0.0
1622022793.53664 0.0
1622022793.63697 0.0
1622022793.73715 0.0
1622022793.83704 0.0
1622022793.93672 0.0
1622022794.03682 0.0
1622022794.13687 0.0
1622022794.23693 0.0
1622022794.3369 0.0
1622022794.43731 0.0
1622022794.53771 0.0
1622022794.63764 0.0
1622022794.73775 0.0
1622022794.83781 0.0
1622022794.93802 0.0
1622022795.03744 0.0
1622022795.39603 0.0
1622022795.42665 0.0
1622022795.67546 0.0
1622022795.92832 0.0
1622022795.98915 0.0
1622022796.06971 0.0
1622022796.23398 0.0
1622022796.32338 0.0
1622022796.41361 0.0
1622022796.50357 0.0
1622022796.67219 2136.3521126760565
1622022796.83624 2120.8888888888887
1622022797.04408 2119.2083333333335
1622022797.26087 2100.0
1622022797.42783 2059.5405405405404
1622022797.60903 2139.6944444444443
1622022797.82276 2277.0526315789475
1622022798.01433 1721.3733333333332
1622022798.22544 103.4054054054054
1622022798.25534 0.0
1622022798.33985 0.0
1622022798.44056 0.0
1622022798.54054 0.0
1622022798.64063 0.0
1622022798.74068 0.0
1622022798.84061 0.0
1622022799.14111 0.0
1622022799.49166 0.0
1622022799.92934 3540.4520547945203
1622022800.43914 3351.7948717948716
1622022800.91175 3166.525
1622022801.38581 271.3875
1622022801.41756 0.0
1622022801.45202 0.0
1622022801.54324 0.0
1622022801.64332 0.0
1622022801.74339 0.0
1622022801.8434 0.0
1622022801.94608 0.0
1622022802.04292 0.0
1622022802.14256 0.0
1622022802.24307 0.0
1622022802.62516 0.0
1622022803.08448 3494.9
1622022803.56421 0.0
1622022804.06495 0.0
1622022804.49898 109.13636363636364
1622022804.52953 0.0
1622022804.55784 0.0
1622022804.64429 0.0
1622022804.74478 0.0
1622022804.84501 0.0
1622022804.94505 0.0
1622022805.04504 0.0
1622022805.14515 0.0
1622022805.24531 0.0
1622022805.34525 0.0
1622022805.44548 0.0
1622022805.54539 0.0
1622022805.64514 0.0
1622022805.74553 0.0
1622022805.84516 0.0
1622022805.94555 0.0
1622022806.04596 0.0
1622022806.14568 0.0
1622022806.24614 0.0
1622022806.34579 0.0
1622022806.44613 0.0
1622022806.5462 0.0
1622022806.64591 0.0
1622022806.74604 0.0
1622022806.84638 0.0
1622022806.94638 0.0
1622022807.04616 0.0
1622022807.14627 0.0
1622022807.24638 0.0
1622022807.37895 1920.1891891891892
1622022807.47956 1902.972972972973
1622022807.57582 2156.5588235294117
1622022807.64697 0.0
1622022807.74742 0.0
1622022807.87881 1950.2162162162163
1622022807.97661 1963.7567567567567
1622022808.04771 0.0
1622022808.14768 0.0
1622022808.24726 0.0
1622022808.34741 0.0
1622022808.44846 0.0
1622022808.54859 0.0
1622022808.64787 0.0
1622022808.74795 0.0
1622022808.8476 0.0
1622022808.94818 0.0
1622022809.04839 0.0
1622022809.14745 0.0
1622022809.24835 0.0
1622022809.34758 0.0
1622022809.44824 0.0
1622022809.54821 0.0
1622022809.64824 0.0
1622022809.7478 0.0
1622022809.84828 0.0
1622022809.94795 0.0
1622022810.04845 0.0
1622022810.14853 0.0
1622022810.24854 0.0
1622022810.34832 0.0
1622022810.4488 0.0
1622022810.65541 1351.5555555555557
1622022810.77953 1499.8135593220338
1622022810.96354 1519.2537313432836
1622022811.14147 1892.1
1622022811.27893 1368.6164383561643
1622022811.45525 1719.4912280701753
1622022811.63179 2004.8979591836735
1622022811.86421 1502.361111111111
1622022812.05864 1601.2121212121212
1622022812.1978 1611.9264705882354
1622022812.39182 1969.2
1622022812.59802 0.0
1622022812.87188 1349.828947368421
1622022813.16724 865.2537313432836
1622022813.19786 0.0
1622022813.25086 0.0
1622022813.35052 0.0
1622022813.45065 0.0
1622022813.55068 0.0
1622022813.65078 0.0
1622022813.7508 0.0
1622022813.85108 0.0
1622022813.95115 0.0
1622022814.05115 0.0
1622022814.15113 0.0
1622022814.25154 0.0
1622022814.35125 0.0
1622022814.45171 0.0
1622022814.55184 0.0
1622022814.65153 0.0
1622022814.75215 0.0
1622022814.85166 0.0
1622022814.95225 0.0
1622022815.05214 0.0
1622022815.15176 0.0
1622022815.2532 0.0
1622022815.6784 0.0
1622022815.98396 0.0
1622022816.53235 1324.3026315789473
1622022817.05384 1306.3902439024391
1622022817.53484 1866.4464285714287
1622022817.87116 1671.4126984126983
1622022818.21429 1422.861111111111
1622022818.5492 1497.5735294117646
1622022818.92047 1338.123287671233
1622022819.42836 1223.4814814814815
1622022819.94164 707.9761904761905
1622022820.03277 0.0
1622022820.0625 0.0
1622022820.19216 0.0
1622022820.25719 0.0
1622022820.35707 0.0
1622022820.45716 0.0
1622022820.55883 0.0
1622022820.65754 0.0
1622022820.75895 0.0
1622022820.85768 0.0
1622022820.95658 0.0
1622022821.05852 0.0
1622022821.15631 0.0
1622022821.25667 0.0
