1623945860.69993 0.0 0.0 0.0
1623945861.41759 0.0 0.0 0.0
1623945862.16626 0.0 0.0 0.0
1623945862.98933 0.0 0.0 0.0
1623945863.22683 0.0 0.0 0.0
1623945864.23525 0.0 0.0 0.0
1623945865.04047 0.0 0.0 0.0
1623945865.76494 2.3894535641183894 -637.6604763991751 -1788.40617548291
1623945866.8554 8.661703643664154 -1525.913933012586 -1321.5758046035894
1623945867.60074 10.198029488982778 -1564.5208516221314 -1278.1009061956463
1623945868.35707 10.888309793152194 -1536.6579271785965 -1222.1521162437327
1623945869.11485 10.657832558662083 -1573.4545503728657 -1263.3375064308464
1623945869.90583 10.491534062225572 -1605.7321498400383 -1295.069460832317
1623945870.6151 10.592490045736763 -1616.2320078240052 -1294.9951381265932
1623945871.37442 10.395537808428072 -1517.9184837752812 -1218.9258904034068
1623945872.11108 7.422703501674555 -1100.1727533043706 -1031.4737181776673
1623945872.31015 3.4457109505055574 -605.2205995883426 -863.5395234804936
1623945873.41936 0.0 0.0 0.0
1623945874.09234 0.0 0.0 0.0
1623945874.88354 0.0 0.0 0.0
1623945875.2314 0.0 0.0 0.0
1623945875.98022 0.0 0.0 0.0
1623945876.73181 0.0 0.0 0.0
1623945877.48105 0.0 0.0 0.0
1623945878.23281 0.0 0.0 0.0
1623945878.98217 0.0 0.0 0.0
