1624371430.92046 0.0 0.0 0.0
1624371431.31681 0.0 0.0 0.0
1624371431.71782 0.0 0.0 0.0
1624371432.11708 0.0 0.0 0.0
1624371432.51712 0.0 0.0 0.0
1624371432.91758 0.0 0.0 0.0
1624371433.31802 0.0 0.0 0.0
1624371433.71797 0.0 0.0 0.0
1624371434.11867 0.0 0.0 0.0
1624371434.5196 0.0 0.0 0.0
1624371435.0782 0.0 0.0 0.0
1624371435.54146 0.0 0.0 0.0
1624371436.01129 21.350413986512443 -21.337770034587002 100.19588926337101
1624371436.44553 22.754916937144667 -13.880191897089844 104.08790957484455
1624371436.85278 23.590408004181995 -5.522286564035176 96.12808587339181
1624371437.25599 17.335955582148795 -0.438972326732723 103.43299150178683
1624371437.65978 16.98151197344654 -0.041056419568495366 103.68050201714144
1624371438.05712 16.67827916972554 -0.505156883611218 104.62692818394818
1624371438.45276 17.279610619792738 -1.5556721888955518 115.70557427429542
1624371438.85473 17.32596537477268 -3.454520488383263 119.6429852948945
1624371439.25464 17.55186174389478 -5.078201962963829 123.59738637394527
1624371439.65055 17.474812311847145 -5.4545026111085795 124.2394804820792
1624371440.05761 17.44475293179876 -5.843666299966064 125.57940468624848
1624371440.45658 17.437016714846663 -6.094206835024081 126.11237918141313
1624371440.85593 17.36792258599421 -5.995244395916507 125.924566085052
1624371441.25597 17.270779199703338 -5.6543716516957945 124.66810629097303
1624371441.65099 14.471200217122362 5.154440055401162 93.02723098558546
1624371441.98916 14.624936491319872 6.158192984099108 88.08018736027762
1624371442.38854 0.0 0.0 0.0
1624371442.76367 0.0 0.0 0.0
1624371443.18743 0.0 0.0 0.0
1624371443.56903 0.0 0.0 0.0
1624371443.93953 0.0 0.0 0.0
1624371444.3026 0.0 0.0 0.0
1624371444.69827 0.0 0.0 0.0
1624371445.09749 0.0 0.0 0.0
1624371445.49426 0.0 0.0 0.0
1624371445.88958 0.0 0.0 0.0
1624371446.29066 0.0 0.0 0.0
1624371446.68869 0.0 0.0 0.0
1624371447.09081 0.0 0.0 0.0
1624371447.49069 0.0 0.0 0.0
