1622022785.0736 0.0
1622022785.19638 0.0
1622022785.23364 0.0
1622022785.33246 0.0
1622022785.43341 0.0
1622022785.53272 0.0
1622022785.63276 0.0
1622022785.7323 0.0
1622022785.83556 0.0
1622022785.93268 0.0
1622022786.03271 0.0
1622022786.13276 0.0
1622022786.2328 0.0
1622022786.55607 0.0
1622022786.90359 2762.125
1622022787.34952 2627.4814814814813
1622022787.76597 2621.1132075471696
1622022788.1782 2496.633333333333
1622022788.58229 2319.862068965517
1622022788.88136 0.0
1622022788.91191 0.0
1622022788.94054 0.0
1622022789.03345 0.0
1622022789.13387 0.0
1622022789.23403 0.0
1622022789.3336 0.0
1622022789.43473 0.0
1622022789.53406 0.0
1622022789.63439 0.0
1622022789.73397 0.0
1622022789.83433 0.0
1622022789.93444 0.0
1622022790.03407 0.0
1622022790.3357 0.0
1622022790.5828 0.0
1622022790.89478 0.0
1622022791.2145 0.0
1622022791.52389 0.0
1622022791.82533 0.0
1622022792.10124 0.0
1622022792.39488 0.0
1622022792.71287 0.0
1622022792.99611 0.0
1622022793.0262 0.0
1622022793.05538 0.0
1622022793.13632 0.0
1622022793.23684 0.0
1622022793.33686 0.0
1622022793.43704 0.0
1622022793.53665 0.0
1622022793.63697 0.0
1622022793.73715 0.0
1622022793.83705 0.0
1622022793.93672 0.0
1622022794.03683 0.0
1622022794.13687 0.0
1622022794.23694 0.0
1622022794.3369 0.0
1622022794.43731 0.0
1622022794.53771 0.0
1622022794.63765 0.0
1622022794.73775 0.0
1622022794.83781 0.0
1622022794.93802 0.0
1622022795.03745 0.0
1622022795.39603 0.0
1622022795.42665 0.0
1622022795.67546 0.0
1622022795.92832 0.0
1622022795.98917 2375.5882352941176
1622022796.06971 0.0
1622022796.234 2402.205882352941
1622022796.32339 2409.794117647059
1622022796.41362 2427.676470588235
1622022796.50359 2451.705882352941
1622022796.67218 2441.970588235294
1622022796.83623 2423.970588235294
1622022797.04407 2647.6451612903224
1622022797.26086 2518.0
1622022797.42783 2527.6176470588234
1622022797.60902 2736.8709677419356
1622022797.82275 2537.235294117647
1622022798.01432 2228.5526315789475
1622022798.22543 529.8125
1622022798.25534 0.0
1622022798.33986 0.0
1622022798.44056 0.0
1622022798.54054 0.0
1622022798.64063 0.0
1622022798.74068 0.0
1622022798.84061 0.0
1622022799.14111 0.0
1622022799.49168 2449.1643835616437
1622022799.92932 2922.5733333333333
1622022800.43913 2944.628205128205
1622022800.91173 3393.525641025641
1622022801.38579 1327.7674418604652
1622022801.41757 0.0
1622022801.45203 0.0
1622022801.54325 0.0
1622022801.64332 0.0
1622022801.74339 0.0
1622022801.84341 0.0
1622022801.94609 0.0
1622022802.04292 0.0
1622022802.14257 0.0
1622022802.24307 0.0
1622022802.62516 0.0
1622022803.08447 3599.8070175438597
1622022803.56422 0.0
1622022804.06498 3055.590163934426
1622022804.49898 195.96666666666667
1622022804.52953 0.0
1622022804.55784 0.0
1622022804.64429 0.0
1622022804.74478 0.0
1622022804.84501 0.0
1622022804.94506 0.0
1622022805.04504 0.0
1622022805.14515 0.0
1622022805.24531 0.0
1622022805.34525 0.0
1622022805.44548 0.0
1622022805.54539 0.0
1622022805.64515 0.0
1622022805.74553 0.0
1622022805.84516 0.0
1622022805.94555 0.0
1622022806.04597 0.0
1622022806.14568 0.0
1622022806.24614 0.0
1622022806.34579 0.0
1622022806.44613 0.0
1622022806.54621 0.0
1622022806.64591 0.0
1622022806.74604 0.0
1622022806.84638 0.0
1622022806.94639 0.0
1622022807.04616 0.0
1622022807.14627 0.0
1622022807.24638 0.0
1622022807.37893 0.0
1622022807.47954 0.0
1622022807.57581 0.0
1622022807.64698 0.0
1622022807.74742 0.0
1622022807.8788 0.0
1622022807.9766 0.0
1622022808.04771 0.0
1622022808.14768 0.0
1622022808.24726 0.0
1622022808.34741 0.0
1622022808.44846 0.0
1622022808.54859 0.0
1622022808.64787 0.0
1622022808.74795 0.0
1622022808.8476 0.0
1622022808.94818 0.0
1622022809.04839 0.0
1622022809.14746 0.0
1622022809.24835 0.0
1622022809.34759 0.0
1622022809.44824 0.0
1622022809.54821 0.0
1622022809.64825 0.0
1622022809.74781 0.0
1622022809.84828 0.0
1622022809.94795 0.0
1622022810.04845 0.0
1622022810.14853 0.0
1622022810.24854 0.0
1622022810.34833 0.0
1622022810.4488 0.0
1622022810.65542 1449.4590163934427
1622022810.77951 0.0
1622022810.96354 1674.7377049180327
1622022811.14147 1788.109375
1622022811.27891 0.0
1622022811.45526 2135.237288135593
1622022811.6318 1968.4153846153847
1622022811.86421 2129.968253968254
1622022812.05864 1911.027397260274
1622022812.19778 0.0
1622022812.3918 0.0
1622022812.59804 2219.1692307692306
1622022812.87187 1982.8382352941176
1622022813.16723 269.01408450704224
1622022813.19786 0.0
1622022813.25086 0.0
1622022813.35052 0.0
1622022813.45065 0.0
1622022813.55068 0.0
1622022813.65078 0.0
1622022813.75081 0.0
1622022813.85108 0.0
1622022813.95115 0.0
1622022814.05115 0.0
1622022814.15113 0.0
1622022814.25154 0.0
1622022814.35125 0.0
1622022814.45172 0.0
1622022814.55184 0.0
1622022814.65154 0.0
1622022814.75215 0.0
1622022814.85166 0.0
1622022814.95226 0.0
1622022815.05215 0.0
1622022815.15176 0.0
1622022815.2532 0.0
1622022815.6784 0.0
1622022815.98398 1652.34375
1622022816.53234 2056.8
1622022817.05383 2216.3766233766232
1622022817.53483 2181.875
1622022817.87115 2270.925925925926
1622022818.21428 2167.144578313253
1622022818.54919 2259.73417721519
1622022818.92045 2245.448717948718
1622022819.42835 2235.3846153846152
1622022819.94163 2230.4050632911394
1622022820.03278 0.0
1622022820.0625 0.0
1622022820.19216 0.0
1622022820.25719 0.0
1622022820.35708 0.0
1622022820.45716 0.0
1622022820.55883 0.0
1622022820.65754 0.0
1622022820.75895 0.0
1622022820.85768 0.0
1622022820.95658 0.0
1622022821.05852 0.0
1622022821.15631 0.0
1622022821.25667 0.0
