1622022785.07358 0.0
1622022785.19637 0.0
1622022785.23363 0.0
1622022785.33244 0.0
1622022785.43339 0.0
1622022785.5327 0.0
1622022785.63275 0.0
1622022785.73228 0.0
1622022785.83555 0.0
1622022785.93267 0.0
1622022786.0327 0.0
1622022786.13274 0.0
1622022786.23279 0.0
1622022786.55609 1963.8898305084747
1622022786.90358 3374.6708074534163
1622022787.34953 0.0
1622022787.76597 4326.840909090909
1622022788.17821 4414.205714285714
1622022788.5823 2450.2267441860463
1622022788.88137 238.02766798418972
1622022788.9119 0.0
1622022788.94052 0.0
1622022789.03343 0.0
1622022789.13385 0.0
1622022789.23402 0.0
1622022789.33358 0.0
1622022789.43472 0.0
1622022789.53404 0.0
1622022789.63438 0.0
1622022789.73395 0.0
1622022789.83431 0.0
1622022789.93443 0.0
1622022790.03405 0.0
1622022790.33572 2239.8643216080404
1622022790.58281 3233.0191387559807
1622022790.8948 3262.3788546255505
1622022791.21451 2743.8327272727274
1622022791.52391 2820.1444444444446
1622022791.82534 3071.276923076923
1622022792.10126 3429.2827004219407
1622022792.3949 3189.0
1622022792.71289 1718.2700421940929
1622022792.99613 947.0384615384615
1622022793.02618 0.0
1622022793.05537 0.0
1622022793.13631 0.0
1622022793.23683 0.0
1622022793.33685 0.0
1622022793.43703 0.0
1622022793.53663 0.0
1622022793.63695 0.0
1622022793.73714 0.0
1622022793.83703 0.0
1622022793.9367 0.0
1622022794.03681 0.0
1622022794.13685 0.0
1622022794.23692 0.0
1622022794.33689 0.0
1622022794.4373 0.0
1622022794.53769 0.0
1622022794.63763 0.0
1622022794.73774 0.0
1622022794.83779 0.0
1622022794.93801 0.0
1622022795.03743 0.0
1622022795.39605 884.1857707509881
1622022795.42663 0.0
1622022795.67548 1151.123287671233
1622022795.92833 1305.5045045045044
1622022795.98914 0.0
1622022796.0697 0.0
1622022796.23397 0.0
1622022796.32337 0.0
1622022796.41359 0.0
1622022796.50356 0.0
1622022796.67215 0.0
1622022796.83621 0.0
1622022797.04404 0.0
1622022797.26083 0.0
1622022797.4278 0.0
1622022797.60899 0.0
1622022797.82272 0.0
1622022798.01429 0.0
1622022798.2254 0.0
1622022798.25532 0.0
1622022798.33984 0.0
1622022798.44055 0.0
1622022798.54052 0.0
1622022798.64061 0.0
1622022798.74066 0.0
1622022798.84059 0.0
1622022799.14112 2244.6864864864865
1622022799.49168 3718.10447761194
1622022799.92933 3983.22131147541
1622022800.43914 3931.1875
1622022800.91175 3888.279069767442
1622022801.3858 292.94354838709677
1622022801.41755 0.0
1622022801.45201 0.0
1622022801.54322 0.0
1622022801.6433 0.0
1622022801.74337 0.0
1622022801.84338 0.0
1622022801.94607 0.0
1622022802.04291 0.0
1622022802.14255 0.0
1622022802.24306 0.0
1622022802.62518 2117.623134328358
1622022803.08448 3420.1268292682926
1622022803.56423 3286.9551569506725
1622022804.06497 3302.8130841121497
1622022804.49898 1934.3509615384614
1622022804.52952 0.0
1622022804.55782 0.0
1622022804.64428 0.0
1622022804.74477 0.0
1622022804.84499 0.0
1622022804.94504 0.0
1622022805.04502 0.0
1622022805.14513 0.0
1622022805.24529 0.0
1622022805.34523 0.0
1622022805.44547 0.0
1622022805.54538 0.0
1622022805.64513 0.0
1622022805.74551 0.0
1622022805.84514 0.0
1622022805.94554 0.0
1622022806.04595 0.0
1622022806.14566 0.0
1622022806.24613 0.0
1622022806.34578 0.0
1622022806.44611 0.0
1622022806.54619 0.0
1622022806.6459 0.0
1622022806.74602 0.0
1622022806.84636 0.0
1622022806.94637 0.0
1622022807.04614 0.0
1622022807.14626 0.0
1622022807.24636 0.0
1622022807.37892 0.0
1622022807.47953 0.0
1622022807.57579 0.0
1622022807.64696 0.0
1622022807.7474 0.0
1622022807.87878 0.0
1622022807.97658 0.0
1622022808.04769 0.0
1622022808.14766 0.0
1622022808.24724 0.0
1622022808.3474 0.0
1622022808.44844 0.0
1622022808.54857 0.0
1622022808.64786 0.0
1622022808.74793 0.0
1622022808.84759 0.0
1622022808.94816 0.0
1622022809.04838 0.0
1622022809.14744 0.0
1622022809.24833 0.0
1622022809.34757 0.0
1622022809.44823 0.0
1622022809.5482 0.0
1622022809.64823 0.0
1622022809.74779 0.0
1622022809.84826 0.0
1622022809.94793 0.0
1622022810.04844 0.0
1622022810.14852 0.0
1622022810.24853 0.0
1622022810.34831 0.0
1622022810.44878 0.0
1622022810.65539 0.0
1622022810.7795 0.0
1622022810.96351 0.0
1622022811.14144 0.0
1622022811.2789 0.0
1622022811.45522 0.0
1622022811.63177 0.0
1622022811.86418 0.0
1622022812.05861 0.0
1622022812.19777 0.0
1622022812.39179 0.0
1622022812.598 0.0
1622022812.87184 0.0
1622022813.1672 0.0
1622022813.19785 0.0
1622022813.25084 0.0
1622022813.3505 0.0
1622022813.45064 0.0
1622022813.55066 0.0
1622022813.65077 0.0
1622022813.75079 0.0
1622022813.85106 0.0
1622022813.95113 0.0
1622022814.05114 0.0
1622022814.15112 0.0
1622022814.25153 0.0
1622022814.35123 0.0
1622022814.4517 0.0
1622022814.55183 0.0
1622022814.65152 0.0
1622022814.75213 0.0
1622022814.85165 0.0
1622022814.95224 0.0
1622022815.05213 0.0
1622022815.15174 0.0
1622022815.25321 0.0
1622022815.67842 1308.8239202657808
1622022815.98398 1150.881188118812
1622022816.53235 1445.9080459770114
1622022817.05384 1467.8222222222223
1622022817.53485 1262.8525641025642
1622022817.87112 0.0
1622022818.21425 0.0
1622022818.54916 0.0
1622022818.92043 0.0
1622022819.42837 1170.1639344262296
1622022819.94165 782.1283422459893
1622022820.03279 124.64
1622022820.06251 0.0
1622022820.19217 94.72222222222223
1622022820.2572 0.0
1622022820.35709 0.0
1622022820.45717 0.0
1622022820.55881 0.0
1622022820.65753 0.0
1622022820.75896 0.0
1622022820.85766 0.0
1622022820.95657 0.0
1622022821.0585 0.0
1622022821.15629 0.0
1622022821.25665 0.0
