1623945860.69994 -0.1278689239440576 1.9913383532633209 -71.30630876040864
1623945861.41759 -0.1278153011703791 3.3380128968924176 -71.41795625734765
1623945862.16627 -0.1229644960079747 2.688007803838058 -71.59930514816702
1623945862.98934 -0.12496975489384476 1.7745841140361127 -70.66415403528703
1623945863.22681 0.0 0.0 0.0
1623945864.23526 1.5977645282516924 758.6866616316603 -1109.0722202020377
1623945865.04048 0.185657649179226 466.5765406984507 -1551.061445630952
1623945865.76491 0.0 0.0 0.0
1623945866.85541 -0.2079182038809481 1122.9821351898138 -1839.1732161358766
1623945867.60075 0.17889226012585432 1341.1491836222494 -1986.0340309152016
1623945868.35709 0.2501353502952671 1467.331561478326 -2054.0680373782207
1623945869.11487 0.24547677881696645 1466.5707500294232 -2073.2332614454067
1623945869.90584 0.4087787069377712 1491.1688357355322 -2103.8590254846986
1623945870.61511 0.5928982208495147 1527.5397681144962 -2160.819752871396
1623945871.37443 0.583024430824628 1155.7628584349818 -1895.6529492032726
1623945872.1111 0.5488400006078262 1131.4478005364676 -1662.4132874379568
1623945872.31013 0.0 0.0 0.0
1623945873.41937 0.07347802188467424 238.4831711310525 -968.3359691529695
1623945874.09235 0.04424524868741924 246.88730573648732 -880.0205042090979
1623945874.88354 0.35415895591973706 84.59645773847325 -285.70364290604084
1623945875.23138 0.0 0.0 0.0
1623945875.98021 0.0 0.0 0.0
1623945876.73179 0.0 0.0 0.0
1623945877.48104 0.0 0.0 0.0
1623945878.2328 0.0 0.0 0.0
1623945878.98215 0.0 0.0 0.0
