1623945860.70003 394.1308492193951 -41.68532224817358 39.57381697315296
1623945861.41766 402.4527037323191 -52.19339690269085 24.899638758274566
1623945862.16633 394.8663619202059 -46.78081156639139 42.36589698879279
1623945862.98941 387.0523876809527 -49.367654829735216 50.94228249060659
1623945863.22687 0.0 0.0 0.0
1623945864.23533 784.784500132132 243.75231570513742 -580.1966652458881
1623945865.04054 503.7996217950509 -4341.839484393518 -1161.0200450628927
1623945865.76499 0.0 0.0 0.0
1623945866.8555 -1872.0642827151516 -3355.398952760871 -1658.173715441969
1623945867.60084 -1503.1441207716525 -3771.8440218353985 -2037.1174868961702
1623945868.35717 -1316.2315534194756 -3927.730133586676 -2426.100847070577
1623945869.11495 -1380.3074671259105 -4070.718470213723 -2455.934399954589
1623945869.90593 -1396.0233951574921 -4136.8865102591535 -2469.4446174184977
1623945870.6152 -1407.9613650003002 -4464.794401316903 -2583.453655251589
1623945871.37452 -1493.4928540550352 -3144.6613025758775 -2368.023915939888
1623945872.11118 -1058.2072473193246 -3878.5579186278314 -3089.4258114434765
1623945872.3102 0.0 0.0 0.0
1623945873.41943 4428.323574001915 -463.66718410335926 -1246.660028687583
1623945874.09241 1810.33700923374 213.64273738564702 -877.7733406023868
1623945874.88361 524.3361736799296 183.42410710903067 -12.60444410077313
1623945875.23144 0.0 0.0 0.0
1623945875.98027 0.0 0.0 0.0
1623945876.73185 0.0 0.0 0.0
1623945877.4811 0.0 0.0 0.0
1623945878.23286 0.0 0.0 0.0
1623945878.98222 0.0 0.0 0.0
