1622800147.70906 0.0 0.0 0.0
1622800147.8477 0.0 0.0 0.0
1622800147.88388 0.0 0.0 0.0
1622800147.97264 0.0 0.0 0.0
1622800148.07238 0.0 0.0 0.0
1622800148.17228 0.0 0.0 0.0
1622800148.27226 0.0 0.0 0.0
1622800148.37211 0.0 0.0 0.0
1622800148.4722 0.0 0.0 0.0
1622800148.57221 0.0 0.0 0.0
1622800148.67228 0.0 0.0 0.0
1622800148.77288 0.0 0.0 0.0
1622800148.87274 0.0 0.0 0.0
1622800148.97247 0.0 0.0 0.0
1622800149.07295 0.0 0.0 0.0
1622800149.17268 0.0 0.0 0.0
1622800149.27305 0.0 0.0 0.0
1622800149.53858 0.0 0.0 0.0
1622800149.85207 0.0 0.0 0.0
1622800150.12787 0.0 0.0 0.0
1622800150.62238 -61.78542234285007 -3256.5973632601363 -1789.7466709007542
1622800151.22484 -47.444306073609035 -2897.2196168069104 -1060.2776399980764
1622800151.89791 -44.94445977093474 -2817.515910081158 -1035.7938125424841
1622800152.21775 0.0 0.0 0.0
1622800152.25025 0.0 0.0 0.0
1622800152.28247 0.0 0.0 0.0
1622800152.37522 0.0 0.0 0.0
1622800152.47598 0.0 0.0 0.0
1622800152.57542 0.0 0.0 0.0
1622800152.67546 0.0 0.0 0.0
1622800152.77618 0.0 0.0 0.0
1622800152.87564 0.0 0.0 0.0
1622800152.97568 0.0 0.0 0.0
1622800153.07578 0.0 0.0 0.0
1622800153.17587 0.0 0.0 0.0
1622800153.27593 0.0 0.0 0.0
1622800153.37606 0.0 0.0 0.0
1622800153.81614 0.0 0.0 0.0
1622800154.49414 -14.135664777970383 -1786.7316930849872 -1455.0393531259647
1622800155.14317 -13.535333475608734 -1591.8727573459973 -1517.350516951587
1622800155.78491 -13.95619312112879 -1635.9813079924631 -1576.8794743886422
1622800156.46007 -14.714059694208997 -1704.4077484849606 -1662.9475661752815
1622800157.08421 -14.760038147963659 -1710.9769925791368 -1578.7242735315997
1622800157.47679 0.0 0.0 0.0
1622800157.50897 0.0 0.0 0.0
1622800157.57965 0.0 0.0 0.0
1622800157.68003 0.0 0.0 0.0
1622800157.7805 0.0 0.0 0.0
1622800157.87995 0.0 0.0 0.0
1622800157.97992 0.0 0.0 0.0
1622800158.08025 0.0 0.0 0.0
1622800158.18025 0.0 0.0 0.0
1622800158.27988 0.0 0.0 0.0
1622800158.38003 0.0 0.0 0.0
1622800158.48003 0.0 0.0 0.0
1622800158.58055 0.0 0.0 0.0
1622800158.68023 0.0 0.0 0.0
1622800158.78041 0.0 0.0 0.0
1622800158.88072 0.0 0.0 0.0
1622800158.98035 0.0 0.0 0.0
1622800159.08047 0.0 0.0 0.0
1622800159.18051 0.0 0.0 0.0
1622800159.28061 0.0 0.0 0.0
1622800159.3811 0.0 0.0 0.0
1622800159.48064 0.0 0.0 0.0
1622800159.94734 0.0 0.0 0.0
1622800160.38183 0.0 0.0 0.0
1622800160.85029 0.0 0.0 0.0
1622800161.32006 0.0 0.0 0.0
1622800161.8374 0.0 0.0 0.0
1622800162.3147 0.0 0.0 0.0
1622800162.80443 0.0 0.0 0.0
1622800163.28848 0.0 0.0 0.0
1622800163.6736 0.0 0.0 0.0
1622800163.70586 0.0 0.0 0.0
1622800163.78472 0.0 0.0 0.0
1622800163.88475 0.0 0.0 0.0
1622800163.98486 0.0 0.0 0.0
1622800164.08507 0.0 0.0 0.0
1622800164.18493 0.0 0.0 0.0
1622800164.28505 0.0 0.0 0.0
1622800164.38529 0.0 0.0 0.0
1622800164.48545 0.0 0.0 0.0
1622800164.5855 0.0 0.0 0.0
1622800164.68554 0.0 0.0 0.0
1622800164.78567 0.0 0.0 0.0
1622800164.88576 0.0 0.0 0.0
1622800164.98583 0.0 0.0 0.0
1622800165.2323 0.0 0.0 0.0
1622800165.47923 0.0 0.0 0.0
1622800165.6573 0.0 0.0 0.0
1622800165.83524 0.0 0.0 0.0
1622800166.08006 0.0 0.0 0.0
1622800166.32305 0.0 0.0 0.0
1622800166.56549 0.0 0.0 0.0
1622800166.64497 0.0 0.0 0.0
1622800166.68837 0.0 0.0 0.0
1622800166.78803 0.0 0.0 0.0
1622800166.88852 0.0 0.0 0.0
1622800166.98844 0.0 0.0 0.0
1622800167.08858 0.0 0.0 0.0
1622800167.18812 0.0 0.0 0.0
1622800167.28871 0.0 0.0 0.0
1622800167.38842 0.0 0.0 0.0
1622800167.48912 0.0 0.0 0.0
1622800167.60542 0.0 0.0 0.0
1622800167.68926 0.0 0.0 0.0
1622800167.78922 0.0 0.0 0.0
1622800167.88926 0.0 0.0 0.0
1622800167.98924 0.0 0.0 0.0
1622800168.08878 0.0 0.0 0.0
1622800168.18798 0.0 0.0 0.0
1622800168.28819 0.0 0.0 0.0
1622800168.38702 0.0 0.0 0.0
1622800168.48709 0.0 0.0 0.0
1622800168.58711 0.0 0.0 0.0
1622800168.68721 0.0 0.0 0.0
1622800168.78727 0.0 0.0 0.0
1622800168.88738 0.0 0.0 0.0
1622800168.98751 0.0 0.0 0.0
1622800169.08755 0.0 0.0 0.0
1622800169.54958 0.0 0.0 0.0
1622800170.24051 -8.38308064539549 -1458.8527983852468 -1684.6302595243217
1622800170.94075 -9.024745630703913 -1299.6156288811092 -1538.4392387976695
1622800171.6394 -9.742677829732411 -1323.7254563819663 -1521.441372817888
1622800172.22584 0.0 0.0 0.0
1622800172.258 0.0 0.0 0.0
1622800172.29123 0.0 0.0 0.0
1622800172.39049 0.0 0.0 0.0
1622800172.49017 0.0 0.0 0.0
1622800172.59054 0.0 0.0 0.0
1622800173.43898 10.088171463319002 -1957.8027370823208 -1168.8503880464293
1622800174.17033 10.144914569176677 -2122.34958636263 -1282.8357374334933
1622800174.89788 10.353497197326746 -2095.048136139426 -1261.354585380653
1622800175.6387 10.351165168094795 -2036.5443653048394 -1217.0099192212374
1622800176.41757 8.467916801347819 -1351.3654303149222 -910.5546881390318
1622800177.0518 0.0 0.0 0.0
1622800177.67014 0.0 0.0 0.0
1622800177.70583 0.0 0.0 0.0
1622800177.79419 0.0 0.0 0.0
1622800177.89433 0.0 0.0 0.0
1622800177.99363 0.0 0.0 0.0
1622800178.09379 0.0 0.0 0.0
1622800178.19378 0.0 0.0 0.0
1622800178.29394 0.0 0.0 0.0
1622800178.39403 0.0 0.0 0.0
1622800178.49494 0.0 0.0 0.0
1622800178.59426 0.0 0.0 0.0
1622800178.69467 0.0 0.0 0.0
1622800178.79501 0.0 0.0 0.0
1622800178.89486 0.0 0.0 0.0
1622800178.9949 0.0 0.0 0.0
1622800179.09542 0.0 0.0 0.0
1622800179.19495 0.0 0.0 0.0
1622800179.29537 0.0 0.0 0.0
1622800179.395 0.0 0.0 0.0
1622800179.49563 0.0 0.0 0.0
1622800179.59559 0.0 0.0 0.0
1622800179.69654 0.0 0.0 0.0
1622800179.79606 0.0 0.0 0.0
1622800179.89624 0.0 0.0 0.0
1622800179.99626 0.0 0.0 0.0
1622800180.09665 0.0 0.0 0.0
1622800180.19662 0.0 0.0 0.0
1622800180.29597 0.0 0.0 0.0
1622800180.39624 0.0 0.0 0.0
1622800180.49648 0.0 0.0 0.0
1622800180.59631 0.0 0.0 0.0
1622800180.69634 0.0 0.0 0.0
1622800180.79655 0.0 0.0 0.0
1622800180.8965 0.0 0.0 0.0
1622800180.99663 0.0 0.0 0.0
