1622022785.0736 0.0
1622022785.19639 0.0
1622022785.23364 0.0
1622022785.33246 0.0
1622022785.43341 0.0
1622022785.53272 0.0
1622022785.63277 0.0
1622022785.7323 0.0
1622022785.83557 0.0
1622022785.93269 0.0
1622022786.03271 0.0
1622022786.13276 0.0
1622022786.23281 0.0
1622022786.55608 0.0
1622022786.90358 2112.5
1622022787.34953 2533.4716981132074
1622022787.76597 2982.1960784313724
1622022788.1782 3053.54
1622022788.58228 3093.08
1622022788.88136 0.0
1622022788.91192 0.0
1622022788.94054 0.0
1622022789.03345 0.0
1622022789.13387 0.0
1622022789.23404 0.0
1622022789.3336 0.0
1622022789.43473 0.0
1622022789.53406 0.0
1622022789.63439 0.0
1622022789.73397 0.0
1622022789.83433 0.0
1622022789.93445 0.0
1622022790.03407 0.0
1622022790.33571 0.0
1622022790.5828 0.0
1622022790.89478 0.0
1622022791.2145 0.0
1622022791.5239 0.0
1622022791.82533 0.0
1622022792.10124 0.0
1622022792.39488 0.0
1622022792.71287 0.0
1622022792.99612 0.0
1622022793.0262 0.0
1622022793.05539 0.0
1622022793.13633 0.0
1622022793.23685 0.0
1622022793.33687 0.0
1622022793.43705 0.0
1622022793.53665 0.0
1622022793.63697 0.0
1622022793.73716 0.0
1622022793.83705 0.0
1622022793.93672 0.0
1622022794.03683 0.0
1622022794.13687 0.0
1622022794.23694 0.0
1622022794.33691 0.0
1622022794.43732 0.0
1622022794.53771 0.0
1622022794.63765 0.0
1622022794.73776 0.0
1622022794.83781 0.0
1622022794.93802 0.0
1622022795.03745 0.0
1622022795.39603 0.0
1622022795.42665 0.0
1622022795.67546 0.0
1622022795.92832 0.0
1622022795.98916 0.0
1622022796.06972 0.0
1622022796.23399 0.0
1622022796.32338 0.0
1622022796.41361 0.0
1622022796.50358 0.0
1622022796.67217 0.0
1622022796.83622 0.0
1622022797.04408 1263.5862068965516
1622022797.26087 1528.1923076923076
1622022797.42781 0.0
1622022797.60902 1340.7407407407406
1622022797.82275 1340.111111111111
1622022798.01433 776.1851851851852
1622022798.22544 233.5
1622022798.25534 0.0
1622022798.33986 0.0
1622022798.44056 0.0
1622022798.54054 0.0
1622022798.64063 0.0
1622022798.74068 0.0
1622022798.84061 0.0
1622022799.14111 0.0
1622022799.49168 2418.9310344827586
1622022799.92932 3327.5789473684213
1622022800.43913 3348.9310344827586
1622022800.91174 3208.5737704918033
1622022801.3858 1595.2166666666667
1622022801.41757 0.0
1622022801.45203 0.0
1622022801.54325 0.0
1622022801.64332 0.0
1622022801.7434 0.0
1622022801.84341 0.0
1622022801.94609 0.0
1622022802.04293 0.0
1622022802.14257 0.0
1622022802.24308 0.0
1622022802.62516 0.0
1622022803.08449 1815.7105263157894
1622022803.56424 1854.921052631579
1622022804.06498 2025.5365853658536
1622022804.49897 3327.0714285714284
1622022804.52954 0.0
1622022804.55784 0.0
1622022804.64429 0.0
1622022804.74478 0.0
1622022804.84501 0.0
1622022804.94506 0.0
1622022805.04504 0.0
1622022805.14515 0.0
1622022805.24531 0.0
1622022805.34525 0.0
1622022805.44548 0.0
1622022805.54539 0.0
1622022805.64515 0.0
1622022805.74553 0.0
1622022805.84516 0.0
1622022805.94556 0.0
1622022806.04597 0.0
1622022806.14568 0.0
1622022806.24615 0.0
1622022806.3458 0.0
1622022806.44613 0.0
1622022806.54621 0.0
1622022806.64591 0.0
1622022806.74604 0.0
1622022806.84638 0.0
1622022806.94639 0.0
1622022807.04616 0.0
1622022807.14628 0.0
1622022807.24638 0.0
1622022807.37894 0.0
1622022807.47955 0.0
1622022807.57581 0.0
1622022807.64698 0.0
1622022807.74742 0.0
1622022807.8788 0.0
1622022807.9766 0.0
1622022808.04771 0.0
1622022808.14768 0.0
1622022808.24726 0.0
1622022808.34742 0.0
1622022808.44846 0.0
1622022808.54859 0.0
1622022808.64788 0.0
1622022808.74795 0.0
1622022808.84761 0.0
1622022808.94818 0.0
1622022809.04839 0.0
1622022809.14746 0.0
1622022809.24836 0.0
1622022809.34759 0.0
1622022809.44825 0.0
1622022809.54822 0.0
1622022809.64825 0.0
1622022809.74781 0.0
1622022809.84828 0.0
1622022809.94795 0.0
1622022810.04846 0.0
1622022810.14854 0.0
1622022810.24855 0.0
1622022810.34833 0.0
1622022810.4488 0.0
1622022810.6554 0.0
1622022810.77952 0.0
1622022810.96352 0.0
1622022811.14145 0.0
1622022811.27891 0.0
1622022811.45524 0.0
1622022811.63178 0.0
1622022811.86419 0.0
1622022812.05863 0.0
1622022812.19778 0.0
1622022812.3918 0.0
1622022812.59802 0.0
1622022812.87186 0.0
1622022813.16724 684.6470588235294
1622022813.19786 0.0
1622022813.25086 0.0
1622022813.35052 0.0
1622022813.45066 0.0
1622022813.55068 0.0
1622022813.65079 0.0
1622022813.75081 0.0
1622022813.85108 0.0
1622022813.95115 0.0
1622022814.05115 0.0
1622022814.15114 0.0
1622022814.25155 0.0
1622022814.35126 0.0
1622022814.45172 0.0
1622022814.55185 0.0
1622022814.65154 0.0
1622022814.75215 0.0
1622022814.85167 0.0
1622022814.95226 0.0
1622022815.05215 0.0
1622022815.15176 0.0
1622022815.25321 0.0
1622022815.6784 0.0
1622022815.98397 0.0
1622022816.53235 1656.938775510204
1622022817.05383 1734.4814814814815
1622022817.53484 2086.6984126984125
1622022817.87115 1846.1666666666667
1622022818.21428 1867.060606060606
1622022818.5492 1991.1304347826087
1622022818.92046 2042.467741935484
1622022819.42836 2054.6507936507937
1622022819.94164 1541.2388059701493
1622022820.03278 0.0
1622022820.06251 0.0
1622022820.19216 0.0
1622022820.2572 0.0
1622022820.35708 0.0
1622022820.45716 0.0
1622022820.55883 0.0
1622022820.65755 0.0
1622022820.75895 0.0
1622022820.85768 0.0
1622022820.95659 0.0
1622022821.05852 0.0
1622022821.15631 0.0
1622022821.25667 0.0
