1622209864.60653 0.0 0.0 0.0
1622209864.72787 0.0 0.0 0.0
1622209864.76549 0.0 0.0 0.0
1622209864.86245 0.0 0.0 0.0
1622209864.96205 0.0 0.0 0.0
1622209865.06221 0.0 0.0 0.0
1622209865.16216 0.0 0.0 0.0
1622209865.26223 0.0 0.0 0.0
1622209865.3623 0.0 0.0 0.0
1622209865.46284 0.0 0.0 0.0
1622209865.56301 0.0 0.0 0.0
1622209865.66286 0.0 0.0 0.0
1622209865.76288 0.0 0.0 0.0
1622209865.86293 0.0 0.0 0.0
1622209865.96312 0.0 0.0 0.0
1622209866.06278 0.0 0.0 0.0
1622209866.16325 0.0 0.0 0.0
1622209866.70935 0.0 0.0 0.0
1622209868.00327 0.0 0.0 0.0
1622209869.83388 -568.2478712085782 30.294491719942958 52.53142944720833
1622209871.60609 -830.8340065148724 -26.623727118938973 -94.43265241815162
1622209871.63582 0.0 0.0 0.0
1622209871.66787 0.0 0.0 0.0
1622209871.76684 0.0 0.0 0.0
1622209871.86688 0.0 0.0 0.0
1622209871.96703 0.0 0.0 0.0
1622209872.63191 0.0 0.0 0.0
1622209874.32497 -1124.2724998513702 170.3320459753271 -336.0268590381999
1622209875.71092 -1561.1761060978208 225.13306031688577 -358.96867013840097
1622209877.09054 -1958.4746253411045 249.80080660864732 -301.5030918905949
1622209878.81372 -1954.3152663903254 249.93740627341887 -301.5908101762974
1622209878.84404 0.0 0.0 0.0
1622209878.87447 0.0 0.0 0.0
1622209878.97241 0.0 0.0 0.0
1622209879.07206 0.0 0.0 0.0
1622209879.17262 0.0 0.0 0.0
1622209879.27222 0.0 0.0 0.0
1622209879.37273 0.0 0.0 0.0
1622209879.47288 0.0 0.0 0.0
1622209879.57286 0.0 0.0 0.0
1622209879.67256 0.0 0.0 0.0
1622209879.77304 0.0 0.0 0.0
1622209879.87268 0.0 0.0 0.0
1622209879.97309 0.0 0.0 0.0
1622209880.07282 0.0 0.0 0.0
1622209880.17312 0.0 0.0 0.0
1622209880.27312 0.0 0.0 0.0
1622209880.37296 0.0 0.0 0.0
1622209880.47307 0.0 0.0 0.0
1622209880.57313 0.0 0.0 0.0
1622209880.67322 0.0 0.0 0.0
1622209880.77329 0.0 0.0 0.0
1622209881.54192 0.0 0.0 0.0
1622209883.36099 -606.6299281527116 -195.26599386892343 -100.67538219638281
1622209885.19157 -264.84488047605674 -516.5960915763753 216.58788111459333
1622209886.8472 -22.65461030831486 -2.65183460729569 -1.0499234197356628
1622209886.87751 0.0 0.0 0.0
1622209886.9086 0.0 0.0 0.0
1622209886.97776 0.0 0.0 0.0
1622209887.07788 0.0 0.0 0.0
1622209887.17795 0.0 0.0 0.0
1622209887.27805 0.0 0.0 0.0
1622209887.37808 0.0 0.0 0.0
1622209887.47821 0.0 0.0 0.0
1622209887.5783 0.0 0.0 0.0
1622209887.67828 0.0 0.0 0.0
1622209887.77839 0.0 0.0 0.0
1622209888.29849 0.0 0.0 0.0
1622209888.32857 0.0 0.0 0.0
1622209889.90912 -773.5273124097914 -94.24446192920678 -82.09031438805438
1622209891.50598 -501.4643360118688 -22.3104340052647 69.74275674024203
1622209893.10779 -593.2560760237717 -32.22933664893354 54.017956673471275
1622209894.72075 -1027.641461364294 -59.137837888061036 -16.429652539690295
1622209896.33128 -232.24219020281137 -0.8293629913071396 38.63984111295561
1622209896.36118 0.0 0.0 0.0
1622209896.39153 0.0 0.0 0.0
1622209896.48502 0.0 0.0 0.0
1622209896.58496 0.0 0.0 0.0
1622209897.31051 0.0 0.0 0.0
1622209899.07333 -915.8285947885436 37.27070892400314 89.83864136737108
1622209900.4734 -1117.8601384577469 25.309304510423274 69.16546360881667
1622209901.87674 -1156.2226456476599 -22.483200677852814 188.16084492823882
1622209901.9071 0.0 0.0 0.0
1622209901.98895 0.0 0.0 0.0
1622209902.0899 0.0 0.0 0.0
1622209902.18913 0.0 0.0 0.0
1622209902.28929 0.0 0.0 0.0
1622209902.38939 0.0 0.0 0.0
1622209902.49071 0.0 0.0 0.0
1622209902.59169 0.0 0.0 0.0
1622209903.81228 439.24985154407375 41.40000845831955 87.93362719536943
1622209905.30374 -203.1569032040539 -83.67687202473954 67.03158117278845
1622209906.75517 -555.8999397113598 84.74675810522837 384.75699841171644
1622209908.2707 -79.17080372700622 -17.487409090869797 12.041520885463115
1622209909.15671 34.95284084528397 4.473006269442915 -7.634078626180826
1622209909.95041 0.0 0.0 0.0
1622209911.99656 -1032.400343091061 -502.9946997427332 -126.36502682771119
1622209912.0276 0.0 0.0 0.0
1622209912.0968 0.0 0.0 0.0
1622209912.19691 0.0 0.0 0.0
1622209912.29701 0.0 0.0 0.0
1622209912.39711 0.0 0.0 0.0
1622209912.49788 0.0 0.0 0.0
1622209912.59711 0.0 0.0 0.0
1622209912.69721 0.0 0.0 0.0
1622209912.79866 0.0 0.0 0.0
1622209912.89869 0.0 0.0 0.0
1622209912.99777 0.0 0.0 0.0
