1622022785.0736 0.0
1622022785.19639 0.0
1622022785.23364 0.0
1622022785.33246 0.0
1622022785.43341 0.0
1622022785.53272 0.0
1622022785.63277 0.0
1622022785.7323 0.0
1622022785.83556 0.0
1622022785.93269 0.0
1622022786.03271 0.0
1622022786.13276 0.0
1622022786.2328 0.0
1622022786.55607 0.0
1622022786.90358 2869.3333333333335
1622022787.34952 3303.409090909091
1622022787.76596 3279.9583333333335
1622022788.1782 3425.3
1622022788.58228 3208.9074074074074
1622022788.88136 0.0
1622022788.91191 0.0
1622022788.94054 0.0
1622022789.03345 0.0
1622022789.13387 0.0
1622022789.23403 0.0
1622022789.3336 0.0
1622022789.43473 0.0
1622022789.53406 0.0
1622022789.63439 0.0
1622022789.73397 0.0
1622022789.83433 0.0
1622022789.93445 0.0
1622022790.03407 0.0
1622022790.33571 0.0
1622022790.5828 0.0
1622022790.89478 0.0
1622022791.2145 0.0
1622022791.5239 0.0
1622022791.82533 0.0
1622022792.10124 0.0
1622022792.39488 0.0
1622022792.71287 0.0
1622022792.99611 0.0
1622022793.0262 0.0
1622022793.05539 0.0
1622022793.13632 0.0
1622022793.23684 0.0
1622022793.33687 0.0
1622022793.43704 0.0
1622022793.53665 0.0
1622022793.63697 0.0
1622022793.73715 0.0
1622022793.83705 0.0
1622022793.93672 0.0
1622022794.03683 0.0
1622022794.13687 0.0
1622022794.23694 0.0
1622022794.33691 0.0
1622022794.43732 0.0
1622022794.53771 0.0
1622022794.63765 0.0
1622022794.73776 0.0
1622022794.83781 0.0
1622022794.93802 0.0
1622022795.03745 0.0
1622022795.39603 0.0
1622022795.42665 0.0
1622022795.67546 0.0
1622022795.92832 0.0
1622022795.98916 0.0
1622022796.06972 0.0
1622022796.234 1495.375
1622022796.32338 0.0
1622022796.41363 1803.7714285714285
1622022796.50359 1906.9142857142858
1622022796.67218 1746.4615384615386
1622022796.83624 1804.3684210526317
1622022797.04407 1845.9473684210527
1622022797.26086 1889.421052631579
1622022797.42783 1908.3157894736842
1622022797.60902 1893.5263157894738
1622022797.82275 1885.842105263158
1622022798.01433 1796.842105263158
1622022798.22543 790.8947368421053
1622022798.25534 0.0
1622022798.33986 0.0
1622022798.44056 0.0
1622022798.54054 0.0
1622022798.64063 0.0
1622022798.74068 0.0
1622022798.84061 0.0
1622022799.14111 0.0
1622022799.49169 3903.980769230769
1622022799.92933 4124.381818181818
1622022800.43913 4029.4
1622022800.91174 4196.25
1622022801.3858 408.27777777777777
1622022801.41757 0.0
1622022801.45203 0.0
1622022801.54325 0.0
1622022801.64332 0.0
1622022801.7434 0.0
1622022801.84341 0.0
1622022801.94609 0.0
1622022802.04293 0.0
1622022802.14257 0.0
1622022802.24307 0.0
1622022802.62516 0.0
1622022803.08447 3141.3260869565215
1622022803.56425 4082.7868852459014
1622022804.06499 3315.181818181818
1622022804.49897 2172.3333333333335
1622022804.52954 0.0
1622022804.55784 0.0
1622022804.64429 0.0
1622022804.74478 0.0
1622022804.84501 0.0
1622022804.94506 0.0
1622022805.04504 0.0
1622022805.14515 0.0
1622022805.24531 0.0
1622022805.34525 0.0
1622022805.44548 0.0
1622022805.54539 0.0
1622022805.64515 0.0
1622022805.74553 0.0
1622022805.84516 0.0
1622022805.94556 0.0
1622022806.04597 0.0
1622022806.14568 0.0
1622022806.24615 0.0
1622022806.3458 0.0
1622022806.44613 0.0
1622022806.54621 0.0
1622022806.64591 0.0
1622022806.74604 0.0
1622022806.84638 0.0
1622022806.94639 0.0
1622022807.04616 0.0
1622022807.14628 0.0
1622022807.24638 0.0
1622022807.37893 0.0
1622022807.47955 0.0
1622022807.57581 0.0
1622022807.64698 0.0
1622022807.74742 0.0
1622022807.8788 0.0
1622022807.9766 0.0
1622022808.04771 0.0
1622022808.14768 0.0
1622022808.24726 0.0
1622022808.34741 0.0
1622022808.44846 0.0
1622022808.54859 0.0
1622022808.64787 0.0
1622022808.74795 0.0
1622022808.84761 0.0
1622022808.94818 0.0
1622022809.04839 0.0
1622022809.14746 0.0
1622022809.24835 0.0
1622022809.34759 0.0
1622022809.44825 0.0
1622022809.54822 0.0
1622022809.64825 0.0
1622022809.74781 0.0
1622022809.84828 0.0
1622022809.94795 0.0
1622022810.04845 0.0
1622022810.14854 0.0
1622022810.24854 0.0
1622022810.34833 0.0
1622022810.4488 0.0
1622022810.6554 0.0
1622022810.77951 0.0
1622022810.96352 0.0
1622022811.14145 0.0
1622022811.27891 0.0
1622022811.45524 0.0
1622022811.63178 0.0
1622022811.86419 0.0
1622022812.05862 0.0
1622022812.19778 0.0
1622022812.39182 2263.4848484848485
1622022812.59804 2408.1774193548385
1622022812.87188 2328.4032258064517
1622022813.16723 1219.9016393442623
1622022813.19786 0.0
1622022813.25086 0.0
1622022813.35052 0.0
1622022813.45065 0.0
1622022813.55068 0.0
1622022813.65078 0.0
1622022813.75081 0.0
1622022813.85108 0.0
1622022813.95115 0.0
1622022814.05115 0.0
1622022814.15114 0.0
1622022814.25155 0.0
1622022814.35125 0.0
1622022814.45172 0.0
1622022814.55184 0.0
1622022814.65154 0.0
1622022814.75215 0.0
1622022814.85167 0.0
1622022814.95226 0.0
1622022815.05215 0.0
1622022815.15176 0.0
1622022815.2532 0.0
1622022815.6784 0.0
1622022815.98396 0.0
1622022816.53234 2193.293103448276
1622022817.05383 2361.453125
1622022817.53483 2366.242424242424
1622022817.87115 2559.0158730158732
1622022818.21428 2422.9846153846156
1622022818.5492 2552.890625
1622022818.92046 2612.2096774193546
1622022819.42836 2627.1612903225805
1622022819.94164 2488.7741935483873
1622022820.03278 0.0
1622022820.06251 0.0
1622022820.19216 0.0
1622022820.25719 0.0
1622022820.35708 0.0
1622022820.45716 0.0
1622022820.55883 0.0
1622022820.65754 0.0
1622022820.75895 0.0
1622022820.85768 0.0
1622022820.95659 0.0
1622022821.05852 0.0
1622022821.15631 0.0
1622022821.25667 0.0
