1622800147.70906 0.0 0.0 0.0
1622800147.8477 0.0 0.0 0.0
1622800147.88388 0.0 0.0 0.0
1622800147.97264 0.0 0.0 0.0
1622800148.07238 0.0 0.0 0.0
1622800148.17227 0.0 0.0 0.0
1622800148.27226 0.0 0.0 0.0
1622800148.37211 0.0 0.0 0.0
1622800148.4722 0.0 0.0 0.0
1622800148.57221 0.0 0.0 0.0
1622800148.67228 0.0 0.0 0.0
1622800148.77288 0.0 0.0 0.0
1622800148.87274 0.0 0.0 0.0
1622800148.97247 0.0 0.0 0.0
1622800149.07295 0.0 0.0 0.0
1622800149.17268 0.0 0.0 0.0
1622800149.27305 0.0 0.0 0.0
1622800149.53857 0.0 0.0 0.0
1622800149.85207 0.0 0.0 0.0
1622800150.12788 7.663524072771027 -1532.4569361187246 -1424.6071725057
1622800150.62237 12.367815981917817 -2003.8126444426591 -1317.6408992817267
1622800151.22486 14.293149408128691 -3027.349749450769 -457.4261414088601
1622800151.89791 13.411586634238935 -2984.163670748373 -491.599373474694
1622800152.21775 0.0 0.0 0.0
1622800152.25025 0.0 0.0 0.0
1622800152.28247 0.0 0.0 0.0
1622800152.37522 0.0 0.0 0.0
1622800152.47598 0.0 0.0 0.0
1622800152.57542 0.0 0.0 0.0
1622800152.67546 0.0 0.0 0.0
1622800152.77618 0.0 0.0 0.0
1622800152.87564 0.0 0.0 0.0
1622800152.97568 0.0 0.0 0.0
1622800153.07577 0.0 0.0 0.0
1622800153.17587 0.0 0.0 0.0
1622800153.27592 0.0 0.0 0.0
1622800153.37606 0.0 0.0 0.0
1622800153.81614 0.0 0.0 0.0
1622800154.49413 -5.541851268598396 -2267.7415965452824 -1157.1769445851367
1622800155.14316 -6.817674319604182 -2273.6397938857776 -1220.865764450275
1622800155.78491 -7.731745441597278 -2344.3593481234193 -1267.5949153528225
1622800156.46008 -10.452772381471314 -2216.0385057492826 -1238.427813456263
1622800157.08421 -6.723109194116862 -1870.323025193756 -1126.4420784860986
1622800157.47679 0.0 0.0 0.0
1622800157.50897 0.0 0.0 0.0
1622800157.57965 0.0 0.0 0.0
1622800157.68003 0.0 0.0 0.0
1622800157.78049 0.0 0.0 0.0
1622800157.87995 0.0 0.0 0.0
1622800157.97992 0.0 0.0 0.0
1622800158.08025 0.0 0.0 0.0
1622800158.18024 0.0 0.0 0.0
1622800158.27988 0.0 0.0 0.0
1622800158.38003 0.0 0.0 0.0
1622800158.48003 0.0 0.0 0.0
1622800158.58055 0.0 0.0 0.0
1622800158.68022 0.0 0.0 0.0
1622800158.78041 0.0 0.0 0.0
1622800158.88072 0.0 0.0 0.0
1622800158.98035 0.0 0.0 0.0
1622800159.08046 0.0 0.0 0.0
1622800159.18051 0.0 0.0 0.0
1622800159.28061 0.0 0.0 0.0
1622800159.38109 0.0 0.0 0.0
1622800159.48063 0.0 0.0 0.0
1622800159.94734 0.0 0.0 0.0
1622800160.38183 0.0 0.0 0.0
1622800160.85029 0.0 0.0 0.0
1622800161.32006 0.0 0.0 0.0
1622800161.8374 0.0 0.0 0.0
1622800162.3147 0.0 0.0 0.0
1622800162.80442 0.0 0.0 0.0
1622800163.28848 0.0 0.0 0.0
1622800163.6736 0.0 0.0 0.0
1622800163.70586 0.0 0.0 0.0
1622800163.78472 0.0 0.0 0.0
1622800163.88475 0.0 0.0 0.0
1622800163.98485 0.0 0.0 0.0
1622800164.08506 0.0 0.0 0.0
1622800164.18493 0.0 0.0 0.0
1622800164.28505 0.0 0.0 0.0
1622800164.38529 0.0 0.0 0.0
1622800164.48545 0.0 0.0 0.0
1622800164.5855 0.0 0.0 0.0
1622800164.68554 0.0 0.0 0.0
1622800164.78567 0.0 0.0 0.0
1622800164.88576 0.0 0.0 0.0
1622800164.98583 0.0 0.0 0.0
1622800165.2323 0.0 0.0 0.0
1622800165.47923 0.0 0.0 0.0
1622800165.6573 0.0 0.0 0.0
1622800165.83524 0.0 0.0 0.0
1622800166.08005 0.0 0.0 0.0
1622800166.32305 0.0 0.0 0.0
1622800166.56549 0.0 0.0 0.0
1622800166.64497 0.0 0.0 0.0
1622800166.68837 0.0 0.0 0.0
1622800166.78802 0.0 0.0 0.0
1622800166.88852 0.0 0.0 0.0
1622800166.98844 0.0 0.0 0.0
1622800167.08858 0.0 0.0 0.0
1622800167.18811 0.0 0.0 0.0
1622800167.28871 0.0 0.0 0.0
1622800167.38842 0.0 0.0 0.0
1622800167.48912 0.0 0.0 0.0
1622800167.60542 0.0 0.0 0.0
1622800167.68926 0.0 0.0 0.0
1622800167.78922 0.0 0.0 0.0
1622800167.88926 0.0 0.0 0.0
1622800167.98924 0.0 0.0 0.0
1622800168.08878 0.0 0.0 0.0
1622800168.18797 0.0 0.0 0.0
1622800168.28818 0.0 0.0 0.0
1622800168.38702 0.0 0.0 0.0
1622800168.48709 0.0 0.0 0.0
1622800168.58711 0.0 0.0 0.0
1622800168.68721 0.0 0.0 0.0
1622800168.78727 0.0 0.0 0.0
1622800168.88738 0.0 0.0 0.0
1622800168.98751 0.0 0.0 0.0
1622800169.08755 0.0 0.0 0.0
1622800169.54958 0.0 0.0 0.0
1622800170.2405 -0.43844976895012283 -2080.0499810704982 -1681.7375784195413
1622800170.94074 -3.3506344566503943 -2210.4152954129963 -1752.17587763754
1622800171.63939 -5.256617656177249 -2301.1680643385216 -1806.1784395940726
1622800172.22584 0.0 0.0 0.0
1622800172.258 0.0 0.0 0.0
1622800172.29123 0.0 0.0 0.0
1622800172.39049 0.0 0.0 0.0
1622800172.49016 0.0 0.0 0.0
1622800172.59054 0.0 0.0 0.0
1622800173.43897 16.02249447789081 -2109.3678070332303 -718.7654195986726
1622800174.17032 17.028166079328045 -1952.0225151287996 -270.6474129563668
1622800174.89787 17.898660560989963 -2093.1972875272622 -290.9686740768311
1622800175.63869 17.791233619881613 -1987.15043454533 -145.33753616560875
1622800176.41756 14.376870619116662 -1329.583105287183 -243.24592424707228
1622800177.0518 0.0 0.0 0.0
1622800177.67014 0.0 0.0 0.0
1622800177.70583 0.0 0.0 0.0
1622800177.79419 0.0 0.0 0.0
1622800177.89433 0.0 0.0 0.0
1622800177.99363 0.0 0.0 0.0
1622800178.09378 0.0 0.0 0.0
1622800178.19378 0.0 0.0 0.0
1622800178.29394 0.0 0.0 0.0
1622800178.39402 0.0 0.0 0.0
1622800178.49493 0.0 0.0 0.0
1622800178.59426 0.0 0.0 0.0
1622800178.69467 0.0 0.0 0.0
1622800178.79501 0.0 0.0 0.0
1622800178.89486 0.0 0.0 0.0
1622800178.9949 0.0 0.0 0.0
1622800179.09542 0.0 0.0 0.0
1622800179.19495 0.0 0.0 0.0
1622800179.29537 0.0 0.0 0.0
1622800179.395 0.0 0.0 0.0
1622800179.49563 0.0 0.0 0.0
1622800179.59559 0.0 0.0 0.0
1622800179.69654 0.0 0.0 0.0
1622800179.79606 0.0 0.0 0.0
1622800179.89624 0.0 0.0 0.0
1622800179.99626 0.0 0.0 0.0
1622800180.09665 0.0 0.0 0.0
1622800180.19662 0.0 0.0 0.0
1622800180.29597 0.0 0.0 0.0
1622800180.39624 0.0 0.0 0.0
1622800180.49648 0.0 0.0 0.0
1622800180.59631 0.0 0.0 0.0
1622800180.69634 0.0 0.0 0.0
1622800180.79654 0.0 0.0 0.0
1622800180.8965 0.0 0.0 0.0
1622800180.99663 0.0 0.0 0.0
