1623945860.70002 0.0 0.0 0.0
1623945861.41766 0.0 0.0 0.0
1623945862.16633 0.0 0.0 0.0
1623945862.9894 0.0 0.0 0.0
1623945863.22688 0.0 0.0 0.0
1623945864.23532 0.0 0.0 0.0
1623945865.04054 0.0 0.0 0.0
1623945865.765 0.0 0.0 0.0
1623945866.85549 555.8725625708896 238.78873012922872 -46.94897007406423
1623945867.60083 352.9095465622003 139.27404633387658 2.266689458300085
1623945868.35716 311.4856988202839 109.1098182407479 2.768018201841393
1623945869.11494 314.73344138192965 108.3459047853043 6.77848168020785
1623945869.90592 295.45066391843295 91.74420972410485 16.535559288096596
1623945870.61519 284.70505558800585 83.08220272054277 25.653528296432214
1623945871.37451 343.28796345731524 92.20207075808182 2.4865911563967313
1623945872.11117 515.9106508730827 136.8870995897872 -59.18147047889939
1623945872.31021 0.0 0.0 0.0
1623945873.41942 0.0 0.0 0.0
1623945874.09241 0.0 0.0 0.0
1623945874.88361 0.0 0.0 0.0
1623945875.23145 0.0 0.0 0.0
1623945875.98028 0.0 0.0 0.0
1623945876.73186 0.0 0.0 0.0
1623945877.48111 0.0 0.0 0.0
1623945878.23287 0.0 0.0 0.0
1623945878.98223 0.0 0.0 0.0
