1622022785.07359 0.0
1622022785.19638 0.0
1622022785.23364 0.0
1622022785.33245 0.0
1622022785.4334 0.0
1622022785.53271 0.0
1622022785.63276 0.0
1622022785.73229 0.0
1622022785.83556 0.0
1622022785.93268 0.0
1622022786.03271 0.0
1622022786.13275 0.0
1622022786.2328 0.0
1622022786.55607 0.0
1622022786.90356 0.0
1622022787.3495 0.0
1622022787.76598 0.0
1622022788.17821 0.0
1622022788.58229 0.0
1622022788.88135 0.0
1622022788.91191 0.0
1622022788.94053 0.0
1622022789.03344 0.0
1622022789.13386 0.0
1622022789.23403 0.0
1622022789.33359 0.0
1622022789.43473 0.0
1622022789.53405 0.0
1622022789.63439 0.0
1622022789.73396 0.0
1622022789.83432 0.0
1622022789.93444 0.0
1622022790.03407 0.0
1622022790.3357 0.0
1622022790.58279 0.0
1622022790.89478 0.0
1622022791.21449 0.0
1622022791.52389 0.0
1622022791.82532 0.0
1622022792.10123 0.0
1622022792.39487 0.0
1622022792.71287 0.0
1622022792.99611 0.0
1622022793.02619 0.0
1622022793.05538 0.0
1622022793.13632 0.0
1622022793.23684 0.0
1622022793.33686 0.0
1622022793.43704 0.0
1622022793.53664 0.0
1622022793.63696 0.0
1622022793.73715 0.0
1622022793.83704 0.0
1622022793.93672 0.0
1622022794.03682 0.0
1622022794.13686 0.0
1622022794.23693 0.0
1622022794.3369 0.0
1622022794.43731 0.0
1622022794.5377 0.0
1622022794.63764 0.0
1622022794.73775 0.0
1622022794.8378 0.0
1622022794.93802 0.0
1622022795.03744 0.0
1622022795.39603 0.0
1622022795.42665 0.0
1622022795.67546 0.0
1622022795.92831 0.0
1622022795.98915 0.0
1622022796.06973 2383.7368421052633
1622022796.234 2414.871794871795
1622022796.3234 2383.5
1622022796.4136 0.0
1622022796.50357 0.0
1622022796.67216 0.0
1622022796.83622 0.0
1622022797.04408 2540.5555555555557
1622022797.26084 0.0
1622022797.42781 0.0
1622022797.609 0.0
1622022797.82273 0.0
1622022798.0143 0.0
1622022798.22541 0.0
1622022798.25533 0.0
1622022798.33985 0.0
1622022798.44056 0.0
1622022798.54053 0.0
1622022798.64062 0.0
1622022798.74068 0.0
1622022798.84061 0.0
1622022799.1411 0.0
1622022799.49166 0.0
1622022799.92933 2430.734693877551
1622022800.43914 2619.3653846153848
1622022800.91174 2540.5
1622022801.38581 98.66101694915254
1622022801.41756 0.0
1622022801.45202 0.0
1622022801.54324 0.0
1622022801.64331 0.0
1622022801.74338 0.0
1622022801.8434 0.0
1622022801.94608 0.0
1622022802.04292 0.0
1622022802.14256 0.0
1622022802.24307 0.0
1622022802.62516 0.0
1622022803.08445 0.0
1622022803.56421 0.0
1622022804.06495 0.0
1622022804.49895 0.0
1622022804.52953 0.0
1622022804.55784 0.0
1622022804.64429 0.0
1622022804.74478 0.0
1622022804.84501 0.0
1622022804.94505 0.0
1622022805.04503 0.0
1622022805.14514 0.0
1622022805.2453 0.0
1622022805.34524 0.0
1622022805.44548 0.0
1622022805.54539 0.0
1622022805.64514 0.0
1622022805.74552 0.0
1622022805.84515 0.0
1622022805.94555 0.0
1622022806.04596 0.0
1622022806.14567 0.0
1622022806.24614 0.0
1622022806.34579 0.0
1622022806.44612 0.0
1622022806.5462 0.0
1622022806.64591 0.0
1622022806.74603 0.0
1622022806.84638 0.0
1622022806.94638 0.0
1622022807.04615 0.0
1622022807.14627 0.0
1622022807.24638 0.0
1622022807.37893 0.0
1622022807.47954 0.0
1622022807.5758 0.0
1622022807.64697 0.0
1622022807.74742 0.0
1622022807.87879 0.0
1622022807.97659 0.0
1622022808.0477 0.0
1622022808.14768 0.0
1622022808.24726 0.0
1622022808.34741 0.0
1622022808.44845 0.0
1622022808.54858 0.0
1622022808.64787 0.0
1622022808.74795 0.0
1622022808.8476 0.0
1622022808.94817 0.0
1622022809.04839 0.0
1622022809.14745 0.0
1622022809.24835 0.0
1622022809.34758 0.0
1622022809.44824 0.0
1622022809.54821 0.0
1622022809.64824 0.0
1622022809.7478 0.0
1622022809.84827 0.0
1622022809.94794 0.0
1622022810.04845 0.0
1622022810.14853 0.0
1622022810.24854 0.0
1622022810.34832 0.0
1622022810.4488 0.0
1622022810.6554 0.0
1622022810.77953 2869.176470588235
1622022810.96354 3243.5777777777776
1622022811.14147 3338.1136363636365
1622022811.27892 3208.0
1622022811.45526 3469.25
1622022811.6318 3377.8478260869565
1622022811.8642 3384.6739130434785
1622022812.05864 3438.9347826086955
1622022812.1978 3119.9245283018868
1622022812.39181 2969.6491228070176
1622022812.59804 3022.839285714286
1622022812.87187 2875.9310344827586
1622022813.16723 2390.589285714286
1622022813.19786 0.0
1622022813.25085 0.0
1622022813.35051 0.0
1622022813.45065 0.0
1622022813.55067 0.0
1622022813.65078 0.0
1622022813.7508 0.0
1622022813.85107 0.0
1622022813.95115 0.0
1622022814.05115 0.0
1622022814.15113 0.0
1622022814.25154 0.0
1622022814.35125 0.0
1622022814.45171 0.0
1622022814.55184 0.0
1622022814.65153 0.0
1622022814.75214 0.0
1622022814.85166 0.0
1622022814.95225 0.0
1622022815.05214 0.0
1622022815.15175 0.0
1622022815.2532 0.0
1622022815.6784 0.0
1622022815.98396 0.0
1622022816.53235 2310.7
1622022817.05384 2713.575
1622022817.53484 2679.575
1622022817.87116 2633.875
1622022818.21429 2599.725
1622022818.5492 2492.325
1622022818.92046 2593.5526315789475
1622022819.42833 0.0
1622022819.94161 0.0
1622022820.03277 0.0
1622022820.0625 0.0
1622022820.19215 0.0
1622022820.25719 0.0
1622022820.35707 0.0
1622022820.45715 0.0
1622022820.55882 0.0
1622022820.65754 0.0
1622022820.75895 0.0
1622022820.85768 0.0
1622022820.95658 0.0
1622022821.05851 0.0
1622022821.1563 0.0
1622022821.25667 0.0
