1623945860.69993 0.0 0.0 0.0
1623945861.41758 0.0 0.0 0.0
1623945862.16626 0.0 0.0 0.0
1623945862.98933 0.0 0.0 0.0
1623945863.22682 0.0 0.0 0.0
1623945864.23525 0.0 0.0 0.0
1623945865.04046 0.0 0.0 0.0
1623945865.76492 0.0 0.0 0.0
1623945866.85542 -1.2194803702177712 1491.1837343571246 2435.7902066423385
1623945867.60076 -1.125039116284945 1565.9571499153772 2523.2820255232145
1623945868.3571 -1.1445912925122257 1597.5443815596016 2599.0583738878317
1623945869.11488 -1.2092880560794723 1605.2465035465013 2602.9242868981896
1623945869.90585 -1.3126826470644888 1617.9615326294122 2615.5289533572563
1623945870.61513 -1.0879590513808046 1727.5174059934966 2751.543509737935
1623945871.37445 -1.6909125984603774 1641.53478706159 2110.168446336452
1623945872.1111 -1.2641147581953764 1476.4758069033383 1954.7810289052713
1623945872.31014 0.0 0.0 0.0
1623945873.41935 0.0 0.0 0.0
1623945874.09233 0.0 0.0 0.0
1623945874.88353 0.0 0.0 0.0
1623945875.23139 0.0 0.0 0.0
1623945875.98022 0.0 0.0 0.0
1623945876.7318 0.0 0.0 0.0
1623945877.48105 0.0 0.0 0.0
1623945878.23281 0.0 0.0 0.0
1623945878.98216 0.0 0.0 0.0
