1622209864.60652 0.0 0.0 0.0
1622209864.72786 0.0 0.0 0.0
1622209864.76548 0.0 0.0 0.0
1622209864.86244 0.0 0.0 0.0
1622209864.96204 0.0 0.0 0.0
1622209865.06219 0.0 0.0 0.0
1622209865.16215 0.0 0.0 0.0
1622209865.26222 0.0 0.0 0.0
1622209865.36229 0.0 0.0 0.0
1622209865.46283 0.0 0.0 0.0
1622209865.563 0.0 0.0 0.0
1622209865.66285 0.0 0.0 0.0
1622209865.76287 0.0 0.0 0.0
1622209865.86292 0.0 0.0 0.0
1622209865.96312 0.0 0.0 0.0
1622209866.06278 0.0 0.0 0.0
1622209866.16324 0.0 0.0 0.0
1622209866.70934 0.0 0.0 0.0
1622209868.00329 -156.79870117921243 -70.9225481450304 -220.57412109045237
1622209869.83385 0.0 0.0 0.0
1622209871.60606 0.0 0.0 0.0
1622209871.63582 0.0 0.0 0.0
1622209871.66786 0.0 0.0 0.0
1622209871.76683 0.0 0.0 0.0
1622209871.86687 0.0 0.0 0.0
1622209871.96702 0.0 0.0 0.0
1622209872.6319 0.0 0.0 0.0
1622209874.32497 0.0 0.0 0.0
1622209875.71091 0.0 0.0 0.0
1622209877.09053 0.0 0.0 0.0
1622209878.81371 0.0 0.0 0.0
1622209878.84403 0.0 0.0 0.0
1622209878.87446 0.0 0.0 0.0
1622209878.9724 0.0 0.0 0.0
1622209879.07205 0.0 0.0 0.0
1622209879.17261 0.0 0.0 0.0
1622209879.27221 0.0 0.0 0.0
1622209879.37272 0.0 0.0 0.0
1622209879.47288 0.0 0.0 0.0
1622209879.57285 0.0 0.0 0.0
1622209879.67255 0.0 0.0 0.0
1622209879.77303 0.0 0.0 0.0
1622209879.87268 0.0 0.0 0.0
1622209879.97308 0.0 0.0 0.0
1622209880.07281 0.0 0.0 0.0
1622209880.17312 0.0 0.0 0.0
1622209880.27311 0.0 0.0 0.0
1622209880.37295 0.0 0.0 0.0
1622209880.47306 0.0 0.0 0.0
1622209880.57313 0.0 0.0 0.0
1622209880.67321 0.0 0.0 0.0
1622209880.77328 0.0 0.0 0.0
1622209881.54191 0.0 0.0 0.0
1622209883.36097 0.0 0.0 0.0
1622209885.19153 0.0 0.0 0.0
1622209886.84716 0.0 0.0 0.0
1622209886.87751 0.0 0.0 0.0
1622209886.90859 0.0 0.0 0.0
1622209886.97776 0.0 0.0 0.0
1622209887.07787 0.0 0.0 0.0
1622209887.17794 0.0 0.0 0.0
1622209887.27804 0.0 0.0 0.0
1622209887.37807 0.0 0.0 0.0
1622209887.4782 0.0 0.0 0.0
1622209887.5783 0.0 0.0 0.0
1622209887.67828 0.0 0.0 0.0
1622209887.77838 0.0 0.0 0.0
1622209888.29849 0.0 0.0 0.0
1622209888.32856 0.0 0.0 0.0
1622209889.90913 0.0 0.0 0.0
1622209891.50595 0.0 0.0 0.0
1622209893.10777 0.0 0.0 0.0
1622209894.72072 0.0 0.0 0.0
1622209896.33125 0.0 0.0 0.0
1622209896.36117 0.0 0.0 0.0
1622209896.39152 0.0 0.0 0.0
1622209896.48501 0.0 0.0 0.0
1622209896.58495 0.0 0.0 0.0
1622209897.3105 0.0 0.0 0.0
1622209899.07335 0.0 0.0 0.0
1622209900.47342 0.0 0.0 0.0
1622209901.87676 0.0 0.0 0.0
1622209901.90709 0.0 0.0 0.0
1622209901.98894 0.0 0.0 0.0
1622209902.08989 0.0 0.0 0.0
1622209902.18912 0.0 0.0 0.0
1622209902.28928 0.0 0.0 0.0
1622209902.38938 0.0 0.0 0.0
1622209902.4907 0.0 0.0 0.0
1622209902.59169 0.0 0.0 0.0
1622209903.81224 0.0 0.0 0.0
1622209905.30375 -173.15007275578904 405.24600273466507 654.4435439168994
1622209906.75519 -207.55198265621874 455.4624207661424 183.6234003143642
1622209908.27071 440.10734006397774 -5.766800591580411 607.962429519472
1622209909.15668 0.0 0.0 0.0
1622209909.9504 0.0 0.0 0.0
1622209911.99658 132.86396642834544 84.31015111777072 -180.157788046956
1622209912.02759 0.0 0.0 0.0
1622209912.09679 0.0 0.0 0.0
1622209912.1969 0.0 0.0 0.0
1622209912.297 0.0 0.0 0.0
1622209912.3971 0.0 0.0 0.0
1622209912.49786 0.0 0.0 0.0
1622209912.59711 0.0 0.0 0.0
1622209912.6972 0.0 0.0 0.0
1622209912.79865 0.0 0.0 0.0
1622209912.89868 0.0 0.0 0.0
1622209912.99776 0.0 0.0 0.0
