1622803080.530514 39.85976531906112 -263.04072153430013 -2248.38609446
1622803080.756323 44.273254185568014 39.1599086601002 -2970.4738027263
1622803080.985058 38.114360070680014 -682.5450883675998 -2509.5485582399
1622803081.215602 21.640733955406123 827.3193305827998 -2547.8225608611992
1622803081.449549 28.02596135519612 -639.9546094606002 -1266.7893092347
1622803081.681673 40.076600624210116 -835.8256486890996 -2238.5135750637
1622803081.913527 37.61146055557313 -100.06932217790006 -2387.1457048935
1622803082.141434 28.49419016352412 1254.6498564156004 -2496.937491190399
1622803082.374996 28.02083391998712 -952.0830379111998 -1919.2890686699002
1622803082.60588 38.39186508723212 -324.1225517178997 -1872.9069265261996
1622803082.83512 45.10882152978613 -73.73938361330045 -2251.3009889595005
1622803083.089246 -47.84921010925085 39857.943634406896 -31576.024009356595
1622803083.395228 -74.87851940098668 215397.02187357214 -107126.7961059951
1622803083.758834 -439.33216697917675 -8063.596520337687 -247006.31068574404
1622803084.17269 -971.3489958072905 -44257.49055713293 -345896.1510232569
1622803084.612593 -814.1087167835097 -6445.028830874055 -448633.18155114626
1622803085.057849 -800.247558334705 -18148.65657205946 -415473.55806656746
1622803085.497798 -727.8387203137349 -26449.628959776397 -474933.7451300789
1622803085.835089 -106.18021824112398 61940.7531831897 -266104.81892545836
1622803086.085596 68.18803933187984 24409.8318952024 -52911.0959753703
1622803086.312007 16.067099852544008 2614.2997577966 -2474.7750806898
1622803086.537891 21.232769661685 2380.3783179579 -1782.7923611188003
1622803086.763844 21.277548832464003 2694.8836734443 -1679.5067877055005
1622803086.9873 10.483322196885004 2373.8447559528 -1062.4344888788003
1622803087.211929 20.968903293955005 1688.3248084869997 -1198.4728703479
1622803087.435077 11.211362395900004 3052.7318720120006 -1022.2985061747997
1622803087.659625 10.866608223278016 2384.1699752662 -561.0302495915003
1622803087.881671 11.335680213410003 2096.5003739214 -573.9743422627
1622803088.129284 -49.14999299159605 8851.4960106229 43377.260760465804
1622803088.45211 84.66087383390399 -19522.664053980574 166619.221943564
1622803088.812222 1103.7136950483755 -35493.98968842489 202852.59574565323
1622803089.173369 1209.6079778791104 -29705.54053277603 191104.66691491182
1622803089.538407 1026.0938587008643 -7866.074676225781 184814.25159269804
1622803089.906041 903.9471653644789 -440.0075425124624 182258.07738096555
1622803090.272162 619.5417977584129 -6172.408118978595 175980.75651193908
1622803090.622605 599.5339730027488 43916.88166330641 85662.58903637013
1622803090.896353 -40.47494112878188 60658.37512455489 3509.278289999668
1622803091.118415 24.323756916937008 -546.9444740028998 240.73885203580002
1622803091.341439 25.87103333923101 -227.42943931529976 69.0820845566999
1622803091.561447 24.948841157365 -1372.4618233517997 186.39036183639996
1622803091.782655 25.049163319408994 -892.1668100406997 -44.752518187899966
1622803092.005036 25.58550103187511 -275.91066945870006 122.74556015330003
1622803092.32892 -1654.4025234848168 160562.85622153143 -37970.65139393577
1622803092.728758 -3037.07723227357 180585.92560276767 -356605.3514730078
1622803093.162795 -3369.365925593212 211698.61487128417 -456219.35868637735
1622803093.554301 -1283.7399010389554 32985.66209928428 -518801.18762273324
1622803093.795833 46.34406113197313 5250.359480253201 -1352.6115839291003
1622803094.033747 43.01707387366513 4593.2256989495 -420.35280507619973
1622803094.268918 32.28297902983712 4352.6449300969 46.95032010839989
1622803094.498156 42.01057998229511 3377.1869260242 -441.18502970120005
1622803094.897237 -164.6823650475386 -350316.63564144523 -14832.36312379086
1622803095.356808 -443.5580294740237 -357078.69739640976 -421100.25119267544
1622803095.82376 -430.403286810461 -342834.5452815051 -456149.97485888284
1622803096.232463 -42.37199539366479 -73984.9373060497 -642716.1226517818
1622803096.469927 43.195512321665 6921.751185337099 -3706.8498197123004
1622803096.701021 4.410616337705003 5862.51697683 -1815.0963329586004
1622803096.938856 17.564591668421105 5879.8964124927 -1162.0664680946998
1622803097.16779 3.6464020612139985 4994.234864300501 -1551.5777966938003
1622803097.410223 6.693298999525059 -22393.850045914904 -23566.621718640108
1622803097.864672 -227.22107234189141 -271491.416376993 -351522.09291881346
1622803098.333982 -230.23074061584217 -424522.6862431181 -573844.615386251
1622803098.805133 -33.96194492024635 -457414.5298616229 -619473.7607901383
1622803099.213972 270.65678719996185 -81154.66291220469 -664982.7094688403
1622803099.44845 38.129209728669984 -5131.3589001688 -2096.9898419002
1622803099.681708 31.846610464689988 -3426.0174634121 -1561.8652429116003
1622803099.910876 37.44280292694997 -2875.6632244867997 -1201.0196201986998
1622803100.141481 38.230236505299985 -2377.053529192999 -974.2221894542001
1622803100.380305 66.8610555817128 2987.5769625640014 -1811.8693158095002
1622803100.745558 -4860.588127161489 34269.955081651155 -167276.89276717918
1622803101.139877 -6551.826553098569 34831.87548317718 -388966.82911974087
1622803101.539945 -6833.360014571516 48324.75634184184 -427354.52183719137
1622803101.855015 -997.7880365065247 -33918.4595213403 -283592.8308459484
1622803102.090547 -13.08233996105688 6335.8817247353 -2369.514077676399
1622803102.32763 2.6778899921760195 5042.569934550001 -1807.1976052370997
1622803102.589196 82.03805694784603 16767.943890800798 25519.6765135797
1622803102.918116 -859.010258578054 -2667.2017255079154 160498.7319505201
1622803103.278757 -1129.2533416814265 13748.181748097653 120266.06523128181
1622803103.635911 -1151.1089526271041 5166.616438469352 118648.64452525113
1622803103.994075 -1320.4749746758469 -19205.71472782874 87899.29026247769
1622803104.247056 13.902638795072026 46728.1357303091 -56332.80101007662
1622803104.482381 -0.7628032793869677 2475.5867329035004 1404.4020492959999
1622803104.714686 6.623184844440031 1601.7467764942999 873.0574248058
1622803104.951922 12.217502630028035 672.9773803661999 818.9690823202
