1622803080.530529 -8.72968290650024 11.889575849279463 -25.36741026536944
1622803080.756337 -7.408872906982646 17.462176050275254 -36.582481850280566
1622803080.985072 -5.930286191825775 17.979227749569148 -37.66568215421849
1622803081.215616 -7.522622495880841 10.942603316245412 -23.34696470364095
1622803081.449564 -6.026900293780059 12.49541917697693 -26.660027970581325
1622803081.681687 -10.449670469079813 12.696898293458043 -27.089900614691697
1622803081.913542 -8.72968290650024 11.889575849279463 -25.36741026536944
1622803082.141449 -2.8583276815337118 9.604358008395879 -20.491705761667678
1622803082.37501 -9.460590882984015 12.450625566348872 -26.564457034117854
1622803082.605894 -10.553750852237979 12.823361423870972 -27.359720341929663
1622803082.835132 -10.051108018245804 11.857657734737256 -25.299310282934968
1622803083.08926 -1.0634405704825707 -12.778172864557 27.263306749220387
1622803083.395242 -84.56330057964061 78.5840968789823 -184.85640995353987
1622803083.758848 -99.58857129324463 210.68001083621337 -495.5907365345247
1622803084.172704 -76.8835774647494 198.5123236621852 -466.96821546779523
1622803084.612606 -141.29673280718256 327.5769223647744 -770.5718619536277
1622803085.057862 -101.35166070742832 342.763005487109 -806.2946725316241
1622803085.497811 -46.612691836549956 158.6700973747971 -373.24580586391335
1622803085.835103 -1.7675695291413622 26.279815729098107 -55.05504463879776
1622803086.085612 -1.2521483465344068 9.086990248128235 -19.036840246527447
1622803086.312021 0.36714438239236424 3.4014058796904565 -7.125793973269003
1622803086.537904 -6.813806328421515 -12.524917515822894 26.23914490265546
1622803086.763857 -6.226950071381867 -18.829468309522788 39.44689829608564
1622803086.987313 -8.497662995845978 -19.949664370006335 41.793659199962185
1622803087.211942 -9.685444531811719 -18.389698707784223 38.52560054787902
1622803087.435091 23.912432400454918 -7.345130203411094 15.387720956461118
1622803087.659639 20.163107599888935 -6.467319610680346 13.548746822647457
1622803087.881685 19.715897735114673 -8.373133205068335 17.541341504203057
1622803088.129298 -16.7468629959925 -7.076548368260196 16.64643837841229
1622803088.452124 -269.1099070927363 92.28115633127697 -96.83512071078067
1622803088.812235 -31.860870793863246 7.692566864351201 -16.412738529575826
1622803089.173384 -31.062823921428013 7.546432286429268 -16.100948114249373
1622803089.538422 -31.91664124098982 7.675652600655939 -16.37665052509749
1622803089.906055 -31.255536576605117 7.517437390636165 -16.039085064927068
1622803090.272176 -30.37990435491494 7.187413009680513 -15.334950285402197
1622803090.62262 -29.207546051406826 7.3696984554634275 -15.723871618442113
1622803090.896367 -32.73688562229039 6.087543438535115 -14.319963837171764
1622803091.118428 9.1646246736257 -1.4327786256844222 3.370380567076628
1622803091.341453 8.684020486401206 -1.3576419527280963 3.193633665729029
1622803091.561461 -10.60093563275218 -0.5616370753752371 -1.2808172621967442
1622803091.782668 -12.927487233245111 -7.306692004413078 -14.24765523507892
1622803092.00505 10.410291385952359 -4.141746783676914 8.836765180582432
1622803092.328932 -95.60072780906258 112.49370732355418 -264.62329789474535
1622803092.728771 -92.54455084492344 283.22562234642197 -666.2425838454794
1622803093.162808 -8.00843313455444 30.76052699704494 -64.50430780641213
1622803093.554315 4.134263814022272 20.34616807121431 -47.86107794491872
1622803093.795846 -19.081011061641743 -4.390709865220662 10.328436605719428
1622803094.03376 4.480828960349395 -12.788659209624369 30.083257599193924
1622803094.268931 -10.363072717920607 10.938769936759297 -25.731691526989543
1622803094.49817 5.382754657701184 -8.833540575104116 20.779479089864196
1622803094.89725 -16.281502602037 15.847742336545041 -37.27925713409788
1622803095.356822 -10.76064064149444 18.72138100649462 -44.03902850168892
1622803095.823773 -4.767920104574424 17.534250068226267 -41.24649448897372
1622803096.232476 1.8488631144176826 17.248588112605848 -40.574520824154234
1622803096.469942 -2.4552020755453903 -13.072667651381986 30.75134163941216
1622803096.701035 -4.690036628180479 -11.089324359162898 26.085846516783693
1622803096.938869 9.238577741162597 2.1747277555824316 -5.115696196679303
1622803097.167804 21.107099265873988 1.8678373117365272 -4.3937859380964985
1622803097.410237 0.895374785572371 2.749796403798659 -6.468452415915293
1622803097.864687 -10.64967983583249 14.72523779115621 -34.63874628447066
1622803098.333995 -9.946210471911035 17.47485133880876 -41.10676856080238
1622803098.805146 -10.884762464821918 17.961509307257483 -42.251552919159934
1622803099.213985 -5.732931784546837 19.158726343315838 -45.06781284973829
1622803099.448462 -2.066152274140757 10.175170025022707 -23.935445926027256
1622803099.681722 0.8343576638817527 8.219131068880944 -19.33417984901844
1622803099.910889 4.225030206756422 8.563974886564102 -20.145369296544317
1622803100.141495 -0.33263496621245603 7.817451581043039 -18.389293656739103
1622803100.380319 4.18825461531524 8.141684718971339 -19.1519998052579
1622803100.745572 -47.25928650530662 175.66309721269607 -343.53841631353583
1622803101.139891 -82.7904586662325 184.37773006517338 -359.16691389878133
1622803101.539959 -49.36768314828682 131.88319794709588 -257.32768791263686
1622803101.855029 -3.9735653495344185 22.19016191174708 -47.34457714943434
1622803102.090561 -1.606112029918846 -0.6926034471302739 1.4777277185735382
1622803102.327643 -0.7070829134837111 -1.8722128615577607 3.9222026413322655
1622803102.58921 -183.10104912162527 -19.37882075035948 45.92449023082762
1622803102.918129 -321.07797445968424 -123.57698106427014 258.88827680355837
1622803103.27877 -63.90068421284698 8.012840724902158 -18.848915095582065
1622803103.635924 -102.18830034608436 14.146558717501653 -33.2774971218601
1622803103.994088 -31.27946419154192 4.151874192803182 -9.766614217661376
1622803104.247069 -15.364152120660211 3.0029445438510445 -7.06394257505735
1622803104.482395 -20.40527787506813 -9.860777955981145 23.195889304407135
1622803104.7147 -20.778080231551485 -14.61996004044916 30.509395833912052
1622803104.951936 -17.568873598621998 -12.785992878047399 26.68748594523851
